2012
240926957
146311000
130234600
2010
235809266
146311000
90682968
2008
231229580
146311000
132618580
2006
220600000
135889600
80588000
2004
221256931
174800000
122294978
2002
215473000
150990598
79830119
2000
205815000
156421311
105586274
1998
200929000
141850558
73117022
1996
196511000
146211960
96456345
1994
193650000
130292822
75105860
1992
189529000
133821178
104405155
1990
185812000
121105630
67859189
1988
182778000
126379628
91594693
1986
178566000
118399984
64991128
1984
174466000
124150614
92652680
1982
169938000
110671225
67615576
1980
164597000
113043734
86515221
1978
158373000
103291265
58917938
1976
152309190
105037986
81555789
1974
146336000
961990201
55943834
1972
140776000
97328541
77718554
1970
124498000
824967472
58014338
1968
120328186
81658180
73211875
1966
116132000
762882833
56188046
1964
114090000
73715818
70644592
1962
112423000
653937514
53141227
1960
109159000
648330965
68838204
